2.243073248220904148e+01 9.564516627889684486e+00
2.292615939000559067e+01 8.505116135076155715e+00
2.068866924049151379e+01 5.155901568798662460e+00
2.057879419096210682e+01 1.247018613069315762e+01
2.231166311412140502e+01 9.214446533015271612e+00
2.279104824586847045e+01 8.769579604695312725e+00
1.672534053335352766e+01 6.763042304625461298e+00
2.042969488255832999e+01 2.073949822126258624e+01
1.681868521406083516e+01 9.152980732237956829e+00
1.864758876159899970e+01 8.713460305076651480e+00
1.412606332304225276e+01 5.646864989240539145e+00
2.316308396650380530e+01 1.242639770810277611e+01
1.128315330551026996e+01 8.970202607161414932e+00
1.894050479950558241e+01 8.276652920597372898e+00
1.475496741789207533e+01 5.932775757330901456e+00
1.965980963442010321e+01 4.605661017961392822e+00
2.198791727234823057e+01 7.708468263890949856e+00
1.392531774184536530e+01 -1.500214058581352816e-01
2.155831665504799588e+01 3.608792536879431800e+00
2.266462997448108752e+01 1.942725471701783846e+01
2.429193540139945640e+01 1.962700583197099036e+01
1.780407956327932339e+01 7.630638602298378537e+00
2.048369045810722255e+01 2.704028659096058718e+00
2.172954990916075246e+01 1.651413511040468052e+01
2.902977784021540941e+01 1.859582129918094751e+01
1.758683309733961408e+01 1.848447750371370191e+01
1.638884636927276972e+01 1.053240072710342190e+01
1.442921064605579673e+01 1.447728990714297836e+00
1.447749862438629620e+01 -2.298443738648980883e+00
2.345149754848721457e+01 1.608732386953286309e+01
1.828316330790364219e+01 5.371057366661251109e+00
2.802495601737285114e+01 2.106795456193685823e+01
2.568932897089506895e+01 1.544032048782029420e+01
1.699907153117488079e+01 1.294692020131850008e+01
2.049170787577406827e+01 1.079853940494127507e+01
2.581146968436763345e+01 1.481313070474895710e+01
2.569286827883044921e+01 2.047991895237264970e+01
1.498540948775785786e+01 5.454107507838755531e+00
2.103131029089530202e+01 1.168366029700633746e+01
2.350760454738158955e+01 8.148722754849536898e+00
1.699840850373330170e+01 6.407203325826921869e+00
1.948451624750567746e+01 8.224944478066490205e+00
1.893381917146449567e+01 9.098681909768012943e+00
2.495926074594116884e+01 7.162870210798109483e+00
1.706388887701425006e+01 8.693212761961842006e+00
1.777990272739068445e+01 2.596344562876991446e+00
1.514963767911427439e+01 8.133492709393753017e+00
2.347826835951008917e+01 7.615274705075885997e+00
2.613397097725773577e+01 1.480211219184850968e+01
1.067952302153130617e+01 -4.628435609781913485e-01
2.321984387557700913e+01 9.665373198286626888e+00
2.424544479123861507e+01 1.236357341805176624e+01
2.501224228298430319e+01 1.655972330438431328e+01
2.109152045429731004e+01 1.679546762177447761e+01
2.835099816549401197e+01 2.125200895746467467e+01
2.238819933862210121e+01 1.695002162430431270e+01
2.631383835965868911e+01 1.452508406406607477e+01
1.555242415548332602e+01 1.007132350173277402e+01
2.037629629668183640e+01 1.628134674413288607e+01
1.897612244191203601e+01 8.728399916146660331e+00
1.924276444922528029e+01 1.003817566492358715e+01
2.210558386242838580e+01 1.388645517825885456e+01
1.831246004803834637e+01 2.286820302950768991e+01
2.640736765725266721e+01 2.454862465335534338e+01
1.854199170472519853e+01 1.549274151524134169e+01
1.500338526036944842e+01 6.780287341308099514e+00
1.904580822220037106e+01 9.602265293659645096e+00
2.301848903247907074e+01 1.374882775768634602e+01
1.957666926316157330e+01 1.469213645074851016e+01
1.657588489686461131e+01 2.158200143130400761e+00
2.034066336770573358e+01 1.179223804291845923e+01
2.031376327524455760e+01 8.542225750164963216e+00
2.168777892463728918e+01 7.293659418471350797e+00
1.364445030304217710e+01 5.827705964507170933e+00
1.944279321941366234e+01 1.443645105283206931e+01
2.854486956895517125e+01 8.169009001601722275e+00
1.956664083104241314e+01 7.604059732785826142e+00
2.782466699433032176e+01 1.057899283987093497e+01
1.949593686590539932e+01 1.381760396571739413e+01
2.191822265529039271e+01 8.402662537800885900e+00
2.688432727188728322e+01 1.482373084419233678e+01
1.725741011771228628e+01 5.807309475517954844e+00
1.776209980796755872e+01 1.016374168289521052e+01
1.956666465569664481e+01 5.362303241425203204e+00
2.073610216000276196e+01 9.197971836582945926e+00
2.288152187167524332e+01 1.071121475364105713e+01
2.258354431403298790e+01 1.436587992754218135e+01
1.937298884997363757e+01 2.794192263627008899e+00
1.366917243539781168e+01 7.323410738285764054e+00
1.665080870882272990e+01 3.380872009821464630e+00
2.522615152587898280e+01 9.516773706505464503e+00
7.413838495549626373e+00 2.829214433461190836e+00
1.908450090091904272e+01 3.816648588103497275e+00
2.190731573000346799e+01 1.677784958594983777e+01
2.011314651209662330e+01 1.177188988781942669e+01
2.490878709908814415e+01 1.407571901331165876e+01
1.797237934260022740e+01 8.896104536922868178e+00
2.429895466550548022e+01 2.165881209210191471e+01
2.618065138996056973e+01 1.427933302406763083e+01
2.375370567608823080e+01 1.123249378643459551e+01
2.735872302247732435e+01 1.478172034966835113e+01
2.071030418794242323e+01 9.644532338693634799e+00
1.726817500821390183e+01 7.604675368714980621e+00
2.004977425456227635e+01 1.083379683282969275e+01
1.909170447807901994e+01 1.208648139755852036e+01
1.809691309522964886e+01 1.569902529415335124e+01
1.819801613131818385e+01 2.722113385440914080e+00
1.685818165099202304e+01 2.723380013704040259e+00
1.415047839669734486e+01 6.152919888552769834e+00
2.746292602250734660e+01 1.121924850509607019e+01
1.220753231239864789e+01 1.849694582637242846e+00
1.990952086006052113e+01 1.533216008136695763e+01
1.863668154341803529e+01 7.079774163424518818e+00
2.060464863621497145e+01 1.141291085081910239e+01
2.059854961375622295e+01 1.729478056560492405e+01
2.185987899959007308e+01 1.838447581931626829e+01
1.736156030593454958e+01 4.931383918322172377e+00
1.997962055556632421e+01 5.285334892379728977e+00
1.826945567688827410e+01 1.119592737471013599e+01
2.436251855774013819e+01 1.669868790381192980e+01
2.646814763894935396e+01 1.337915644538887605e+01
2.172978675882884403e+01 5.995406596324825088e+00
1.255876653981166058e+01 4.396523926872286658e+00
2.272629448051135626e+01 1.328233126616373028e+01
2.632826548964514757e+01 1.278218119768579975e+01
1.817523927306471521e+01 8.265208427423598181e+00
2.028783344550918954e+01 1.129950416898069143e+01
2.124174266619326090e+01 6.408087446781989271e+00
2.238633157535229046e+01 2.321360195940179239e+01
2.072451554375787097e+01 2.012614953964051523e+01
2.562317564250748347e+01 1.323146069849003581e+01
2.514856130673165779e+01 1.326872427492510553e+01
1.691095851813682316e+01 -7.411956648903128553e-01
1.963491607427131314e+01 1.574421355428474989e+01
1.945112883583887253e+01 9.268913985755556695e+00
2.147242756384637730e+01 8.261330898088276697e+00
1.847263548403958211e+01 4.808652880927770212e+00
1.775474197211254790e+01 1.531558209221147493e+01
1.515062789595380721e+01 8.979229313947779900e+00
1.367115376017962447e+01 4.119641509323413331e+00
1.546770551508497960e+01 4.032569630021455076e+00
9.792142880126574411e+00 -2.736267158335767391e+00
1.919336574030860731e+01 1.425510766724213596e+01
2.267536583176368481e+01 1.443426312556600521e+01
1.820930411473061739e+01 8.656768283557457977e+00
2.118578072444609361e+01 1.022395795386706396e+01
1.912069291467500065e+01 1.564086790021651829e+01
2.134143905873160563e+01 7.866183049842497610e+00
2.089095593336084278e+01 9.807511425136393513e+00
2.574876625553945431e+01 1.796790176111202442e+01
2.117119925235196476e+01 1.261814156178117230e+01
1.714998440971153570e+01 -4.719194689873894788e+00
2.346800994661609963e+01 7.333818011786759961e+00
2.200514030260955423e+01 5.315986278148857380e+00
1.422236877383770981e+01 -6.709808252671880524e-01
1.538761798859605179e+01 7.393134075853123655e+00
1.725407381285975106e+01 2.183106655929608308e+01
1.826100004922362174e+01 1.491521667956523345e+01
1.692368438640876960e+01 4.178502598748816688e+00
1.903127008566862699e+01 9.602895979105518620e+00
1.785873506332503524e+01 1.097666442932962738e+01
2.158809397754096082e+01 1.231938716575849568e+01
2.364951034377195072e+01 6.274523453542418139e+00
1.557866642093167542e+01 9.899103706509329470e+00
1.711023725700476206e+01 1.574725706118531576e+01
2.041819695998833240e+01 4.719556274597098700e+00
2.160781655888432340e+01 1.468307009104358762e+01
2.010914279347889178e+01 1.127352176449527299e+01
2.970032851584618427e+01 1.805279433572010106e+01
2.050076589005383454e+01 1.075136122654836868e+01
1.349317976520374529e+01 4.742813567099787520e+00
2.201844782691831526e+01 1.490679198487063672e+01
1.838704495395215588e+01 1.315663366525506106e+01
2.505950893317340444e+01 3.937312649901116401e+00
2.159892426259457210e+01 9.430935858582365938e+00
2.689841532706481431e+01 1.315883668434047848e+01
5.377446820498359870e+00 -6.140069685338470862e+00
2.171350127436245359e+01 1.489044626817730332e+01
1.766812112215756514e+01 8.149547852105122558e+00
1.666479322065448798e+01 9.313965632688011809e+00
2.200215602459200070e+01 9.168455235576733031e+00
1.924322085957406259e+01 1.353693156046753820e+01
1.115919112190736229e+01 -1.266457959100215191e+00
1.925445022459780731e+01 9.700735169207295172e+00
2.275028315444656357e+01 1.443547010247859674e+01
2.755433885281308903e+01 1.750066464050000192e+01
2.191322308934364926e+01 1.457922284006588853e+01
3.086195186198872520e+01 1.731579182290598951e+01
2.335228207123806143e+01 1.075835493493457840e+01
1.841552303896501996e+01 9.696938440384313296e+00
1.603916981823124033e+01 7.804813073886887942e+00
2.467529445754436779e+01 1.170506345062885245e+01
2.869002104247061169e+01 1.990217367396921233e+01
2.227540044332803149e+01 5.598990392477631417e+00
2.340538251951402415e+01 9.735737314992238822e+00
2.786541989188410184e+01 1.925528005602122406e+01
1.845382353547832466e+01 1.643975218501777746e+01
1.760253125017334952e+01 3.692358433938191631e+00
1.463018076960934266e+01 6.899991913306273261e+00
1.301301167769131162e+01 9.676149029173146232e+00
1.771960367792409841e+01 1.650137710467980412e+00
1.683063505947111693e+01 1.010340007011626184e+00
1.909347396378598560e+01 3.099474631576314643e+00
2.007708171502351036e+01 4.619589150117095144e+00
1.631511863853826938e+01 1.095835439671068556e+00
1.689062672451321845e+01 1.562401970930409334e-01
1.819716817367494599e+01 6.735106112275346391e-02
1.655459109299029663e+01 5.865730070394397089e+00
1.866136400232775117e+01 4.823419179111263944e+00
1.732955493929229362e+01 3.029012949818151057e+00
2.399780297282021024e+01 7.746496179337767352e+00
2.980382206577559501e+01 2.010017473596363047e+01
2.448676775388965865e+01 1.188699537356921709e+01
2.320600394857381943e+01 1.220589295737110191e+01
1.901978048703622903e+01 5.987848301291605502e+00
2.364133389932354135e+01 1.517092199049333701e+01
1.681671773833690864e+01 5.133514199191432148e+00
2.802725331489467209e+01 1.974980402594714946e+01
1.910642263204078972e+01 8.485824907757290703e+00
2.199968381785844684e+01 2.072183175483908002e+01
2.059860515489625143e+01 1.058995642260917691e+01
1.840636612233783964e+01 1.063138021390750332e+01
1.553180523060849438e+01 7.521055114168389011e+00
2.051172718997007038e+01 9.623751925822965347e+00
2.019444114972627702e+01 1.525488289933511865e+01
1.891022301221591917e+01 1.789597952092754696e+01
2.193820756291356489e+01 1.611301279814747289e+01
1.764806344909316138e+01 6.380079232722934535e+00
1.726038734153044629e+01 9.916915772364450987e+00
2.323577120879140168e+01 1.540922646327825873e+01
1.774894798700378118e+01 1.137960350757226813e+01
1.992822437327941998e+01 7.444220977304376596e+00
1.999945071340882308e+01 1.073071338726487234e+01
1.961342976338581323e+01 6.527221119044153141e+00
2.399002491388268510e+01 1.059686659706246203e+01
2.165882513383326113e+01 6.456463501205008448e+00
2.569645222768719961e+01 1.859827023269069457e+01
1.790711939326359570e+01 1.228594715805971660e+01
2.010127725424249689e+01 5.053202337890279949e+00
1.309544754715076742e+01 3.042393772823817066e+00
1.196283277076315876e+01 1.997331224093484181e+00
2.260693074051042117e+01 2.144421912597181290e+01
1.980681307034499383e+01 6.187670883305185221e+00
1.947133030435968237e+01 1.900126466988503182e+01
1.463362457434053354e+01 7.093638049591108441e+00
2.174276579121012887e+01 1.369677998986407275e+01
1.997082127651947658e+01 8.924312493419533254e+00
2.099813684011642323e+01 5.918588727152630291e+00
2.407605398980207312e+01 7.068328383811092408e+00
1.747954474327884000e+01 7.592380820645551864e+00
2.491197532177839946e+01 1.187060798049332710e+01
1.819480791355504223e+01 9.439968203039617478e+00
1.478325502581847140e+01 9.701152472974060359e+00
2.330204020734087678e+01 1.527216680217359013e+01
1.486111608896420222e+01 3.312801152239778446e+00
2.248273912624949489e+01 1.283352430898807839e+01
1.972725359633800224e+01 1.277711585148179374e+01
1.940513806570061917e+01 5.788301596852893915e+00
1.916183509589364675e+01 9.585260016406914829e+00
1.862006949718337978e+01 1.503849440615103283e+01
1.507385861388018355e+01 -1.338895471390566527e+00
2.301133928026664677e+01 1.591375772755289830e+01
2.087105032094451929e+01 1.279279229140187368e+01
1.904007387850459310e+01 9.701834994899460440e+00
1.727288775959781475e+01 5.723570831409982240e+00
2.301778221441276173e+01 1.233667389993677510e+01
1.725036668889914182e+01 9.208569465208436000e+00
2.238521723532505092e+01 1.401421710743143834e+01
1.822296880947991582e+01 2.259117181168005750e+00
2.202214311036956218e+01 1.275865358092929114e+01
1.906053548578281820e+01 6.892632159792807300e+00
1.739324359390620955e+01 6.443000713900718601e+00
2.486640465573609049e+01 2.115376090281816346e+01
2.146505969500870847e+01 9.508029390035671824e+00
2.101776306320561716e+01 1.146891367197189915e+01
1.787531566227875501e+01 1.667836076394052469e+01
3.074524490635395679e+01 2.061534122221433307e+01
1.858385207119784610e+01 5.387562974295688534e+00
2.022546367598925698e+01 5.142532278659154521e+00
2.181774592364898879e+01 2.048663481548419085e+01
2.093250685252535703e+01 1.207031238090395320e+01
2.486303076175650517e+01 1.121671852517273393e+01
2.953594734003149824e+01 1.775364138285686977e+01
2.724851741251200110e+01 2.244696595870790645e+01
2.535854790095147138e+01 1.186802470746311933e+01
2.472378204097242360e+01 9.740333756596854187e+00
2.239158296233409828e+01 1.710024097199658755e+01
1.936852922983955239e+01 1.496652088878987286e+01
2.351897377687645019e+01 1.638075453823082128e+01
1.602776630430293281e+01 5.130976898145069853e+00
2.069582096408002059e+01 1.195371040624528725e+01
1.601298557172503223e+01 7.847319921395271791e+00
2.639509469219596127e+01 1.609442402709208153e+01
2.590404920433114810e+01 1.774062346022177650e+01
2.247878959030416368e+01 1.024404120120965445e+01
1.929774221311334159e+01 3.615760297495524078e+00
1.379301464133921762e+01 8.031160638991782008e+00
1.759975439267952879e+01 6.131179402814800561e+00
2.481011825866148257e+01 7.083026785702111638e+00
1.938507471047878994e+01 6.464448780036834208e+00
2.082624541916717220e+01 1.500111284022467473e+01
2.044895640768733003e+01 5.646286668324343339e+00
2.173028634389674352e+01 1.329142574916123820e+01
1.980747744523760900e+01 6.817834427957076393e+00
2.172611424192782081e+01 1.620388167087331510e+01
1.410185878504665880e+01 5.449223927207683005e+00
1.698835345059796254e+01 5.656814763721214057e+00
2.193447333887581863e+01 1.035535506000649164e+01
1.714799854803787582e+01 5.753413460165631044e+00
1.589355622810555957e+01 1.168275103357533595e+00
2.191214112591378438e+01 9.903163905704312597e+00
2.385170885382555284e+01 1.001267674966335619e+00
2.228257862299432190e+01 1.326358102339352563e+01
1.799490248980345086e+01 6.188127399221148295e-01
1.877509743086778116e+01 2.376883297028977715e+00
1.691353335575564998e+01 6.789913796599642559e+00
2.489033197285460730e+01 1.013823051177504198e+01
2.280955853516530141e+01 1.310675868507679809e+01
2.377354818818039206e+01 1.779491990101755405e+01
1.737685040467049546e+01 4.218390712425216904e+00
2.449769967981326246e+01 1.557625050334458550e+01
2.169423263563843918e+01 4.603778678309594419e+00
1.522557434462939341e+01 2.333995466498980598e+00
1.892910426894961162e+01 3.966568994486028288e+00
1.507526957814466151e+01 3.071890056412347469e+00
2.418871239396055017e+01 2.314582880467550652e+01
1.745240436971750597e+01 8.437163170441765558e+00
2.815625028815954067e+01 1.420985904595897864e+01
2.103728798353546736e+01 1.390521565256469749e+01
1.627605444999623785e+01 7.570656061199979803e+00
1.057956388629155242e+01 -1.808118673315846081e-01
1.875583152715460145e+01 1.214783649576891023e+01
1.913284970702500232e+01 2.275681746154376128e+00
1.271836092218487835e+01 5.833238283827011372e-01
2.142724185190319730e+01 1.291658934865913011e+01
1.470960317446634136e+01 5.208681482763203974e+00
1.851409007514386929e+01 1.031901228591062036e+00
2.271825684885186192e+01 1.039502886796553227e+01
2.275976335305531606e+01 1.775306677416944368e+01
1.987538312489448344e+01 7.426211437291420303e+00
1.722862179623511381e+01 9.384592775110306206e+00
1.660995951872043008e+01 4.171275792552290085e+00
1.622225885667070955e+01 1.076375604205568948e+01
1.748207531766654199e+01 1.028517886112780033e+01
2.446317697905446664e+01 1.267660582517806134e+01
1.669781541551676440e+01 1.136834609238970373e+01
2.295922662579165774e+01 1.228900094882320104e+01
1.776777470203280984e+01 -5.825657521064098177e-01
2.261526446454639938e+01 1.964242541801914754e+01
2.609893502451296143e+01 1.178774598454610079e+01
1.765088191929996597e+01 8.681197343109802844e+00
1.454059362438034597e+01 1.380667936143767704e+01
1.893219571645068910e+01 2.218962914871864456e+01
1.289746954102720444e+01 5.202428074646950229e+00
1.866335220565625619e+01 1.253875590192895828e+01
1.833754972856420196e+01 4.257290138813474734e+00
2.488842037346786285e+01 1.075529611868837954e+01
2.065614885234220566e+01 3.518279948752732089e+00
2.089585423564919964e+01 8.670870513516501177e+00
1.720857327180656426e+01 1.212179396237516471e+01
1.684531274842362336e+01 3.106277835764460704e+00
2.298902653245681549e+01 1.377320124896065323e+01
2.179404825247273791e+01 9.982189061570524657e+00
2.086813686903986209e+01 7.490686848506369344e+00
2.366912352914187068e+01 1.010729594663047592e+01
2.619819134438482422e+01 9.112348160596180691e+00
1.509637755886832622e+01 7.352853234515981384e+00
2.431076543760383402e+01 1.275319861461421667e+01
2.228823630995266214e+01 8.565884952206452851e+00
1.936834362392387732e+01 1.426085974471530804e+01
2.202936989484151198e+01 1.033496387321265431e+01
1.765143315038460869e+01 4.967000834299876821e+00
3.124705233999694798e+01 1.371722814085818598e+01
2.372741670681990556e+01 2.047211698676760605e+01
2.111332082049496961e+01 9.117242450191648473e+00
1.832077761945010508e+01 7.936418678843531360e+00
2.381488501680288294e+01 1.518218553854653585e+01
3.212418489986900738e+01 9.846754796814497723e+00
2.298191416918217911e+01 1.440806539727443081e+01
1.755315186420663665e+01 -7.623571507019857307e-01
1.857693347677027518e+01 1.270178046782640635e+01
2.934614695054461109e+01 1.059749306281919168e+01
1.840468995789103701e+01 7.107821151426627182e+00
1.486183039166590092e+01 -3.037658159356714904e+00
1.875101302424658556e+01 8.400274905008863868e+00
2.193669226639303460e+01 1.914679232033564205e+01
2.589545659669700939e+01 1.399712658126199116e+01
2.015350905544277182e+01 5.885274105542332990e-01
1.646586391780905245e+01 3.133098386509514555e+00
1.915425472199381218e+01 1.977189541953134722e+01
2.392943612102255813e+01 2.290198959376719756e+01
1.815197318431159346e+01 4.386198682433969154e+00
1.999510059508716964e+01 9.791795343742604629e+00
1.969132566573962606e+01 7.153464284617308877e+00
2.248398406094084123e+01 1.345218197454839526e+01
2.423015260592442743e+01 1.953909520232853225e+01
2.479859085138288322e+01 1.169164723204792011e+01
1.458818436133102381e+01 4.611035695436763504e+00
1.875166724860414647e+01 1.300147492068956723e+01
1.906112557583915290e+01 4.891046369786692161e+00
1.580578122757713899e+01 8.377917609194486914e+00
2.302263628730661082e+01 1.475875346668028776e+01
1.392968498888263973e+01 4.226109636851528961e+00
2.171844029840930190e+01 1.079502883330333951e+01
2.512390801351533653e+01 2.063541234297100502e+01
1.827826646128966814e+01 7.330908436767521685e+00
1.927872043539962732e+01 7.455468108447889541e+00
2.145186239076526391e+01 1.871121717666814277e+01
2.435236906506837329e+01 1.629465428415757700e+01
1.752972769656935981e+01 4.438094561317512010e+00
1.600502557369765810e+01 5.792075084116995676e+00
1.586439579144623835e+01 4.135690049122153766e+00
1.775536478750885649e+01 1.211045899010830063e+01
2.103328173944441204e+01 9.737347792298011839e+00
1.810017977194959826e+01 9.595615625068775856e+00
2.270406146789622781e+01 1.434400559874786296e+01
2.022920475501860338e+01 1.208855717636299687e+01
1.933475278174595147e+01 6.187410638620900016e+00
2.660416230530782755e+01 1.181427396997726653e+01
1.915257916574785213e+01 7.059836793383052367e+00
1.849470258264090461e+01 3.762477260975336080e+00
2.540501028332404232e+01 1.456618050176580503e+01
2.310358801540884244e+01 1.241536921853876407e+01
2.019967237481141709e+01 8.468269971216169978e+00
2.480605593808304477e+01 1.292501649366074901e+01
2.494565916290842722e+01 1.454926219853234848e+01
1.674752873157325084e+01 8.772495029701360636e+00
1.571806233396536356e+01 9.162941175486546186e+00
1.972227589221445498e+01 9.521756413787700879e+00
1.622900609607927080e+01 -4.740365819138769865e-01
2.455323612822500934e+01 1.205576110274408919e+01
2.559038784470705252e+01 7.945542584122931018e+00
1.617598536994930569e+01 4.858332691909945211e+00
2.221129665602643399e+01 1.003040461998592292e+01
1.899959236772761884e+01 1.387762443944970059e+01
2.282388145770599408e+01 1.727160312867805558e+01
1.899587474708491897e+01 1.933798376507789740e+01
1.904633369320039549e+01 5.683810929825408031e+00
1.680138036494104625e+01 2.789600427737684463e+00
1.064932243714274485e+01 8.108604490043536117e-01
1.981580298201354751e+01 9.103190432516235830e+00
1.367074253326796018e+01 4.210027857502162796e+00
2.890554290520005765e+01 1.920695978982499952e+01
2.644081293293609036e+01 1.522071610487945037e+01
1.979402505430700998e+01 3.747080128299537627e+00
1.702520524594807227e+01 9.136169525542090497e+00
1.911334836214393462e+01 9.479109119925823279e+00
2.313740204038622750e+01 1.463126209600010696e+01
1.021902493755219687e+01 -4.840503385655200219e+00
2.308841266408854764e+01 1.410175726995461076e+01
2.309061590916485684e+01 1.085133382442942462e+01
2.459590865500697277e+01 1.159889039232877472e+01
2.124223039428871473e+01 4.879504178881575172e+00
1.934697817048661506e+01 8.548932774964233872e+00
1.855952555229262657e+01 8.904263079329913566e+00
1.932809291047665567e+01 6.799522570102306318e+00
2.286807828404728227e+01 7.491274212963337398e+00
1.130009125409108428e+01 8.234700184411781976e+00
1.864198147861412025e+01 1.453174549626745993e+01
2.914391538314853136e+01 2.029042762227318164e+01
1.789813452722882658e+01 5.322590106878942962e+00
2.266265057309522035e+01 1.417404245235221794e+01
1.630308613315607857e+01 1.228346459681540104e+01
1.581531978224152724e+01 1.016799013539571028e+01
2.113617612121293021e+01 8.584629528589360348e+00
2.488490957620714994e+01 1.641443139211335733e+01
1.725634152628127538e+01 9.319983454060025707e+00
1.806316277453414898e+01 6.392523118218770506e+00
1.911844071107238108e+01 1.323544724036175069e+00
1.978536973346580297e+01 5.971846358461912807e+00
1.869850742211735195e+01 1.455715556462362059e+01
2.032451673430328754e+01 2.946245621099129686e+00
2.172732401387071377e+01 1.577341397852376303e+01
1.926284220408602721e+01 6.182694675204020385e+00
2.629518363830280592e+01 1.669730901170876791e+01
1.744466123288104953e+01 1.166197996126956937e+01
2.016235434698091922e+01 7.499859923403635165e+00
1.829847987838778778e+01 7.142974326840297650e+00
1.582057988443133212e+01 -1.981980200336792564e+00
1.957954428135567682e+01 1.370602907451089258e+01
2.139939310844340525e+01 2.830571178699441859e+00
1.513252553032935666e+01 1.212969967564384355e+01
1.647245090951059154e+01 9.758838075890263752e+00
1.525535517185797119e+01 1.468117974091091327e+01
1.847305849089521956e+01 3.734058399660635352e+00
1.596389626216242519e+01 4.593485267208321510e+00
2.270462416640071979e+01 1.491298177126275171e+01
1.643323552970310075e+01 2.907751596042094988e+00
1.371171602365900810e+01 1.874030762544011353e+00
2.649425005981805370e+01 1.433920559456215926e+01
2.598129492673482233e+01 1.624861304039248466e+01
1.592233921938796826e+01 7.916768806474013154e+00
1.588839376012649929e+01 9.818535940324021993e+00
2.273545993047720515e+01 1.149821695513767494e+01
1.701905776788987623e+01 5.747692124907172406e+00
2.414479997621033291e+01 1.387090838312366081e+01
2.689000757919790274e+01 1.697544886470788938e+01
1.829590809762049730e+01 6.534046148345822758e+00
1.900898669478267422e+01 1.205921332732798135e+01
2.038027419194992262e+01 1.317353046679392214e+01
3.144933535119183432e+01 1.025584434144992052e+01
4.681164038268089200e+01 1.444064484521276803e+01
3.472400110125498429e+01 4.254565518801529223e+00
4.356451227055102038e+01 1.754093994308662019e+01
4.875287067613926695e+01 1.795513728116984709e+01
3.372422146633618922e+01 5.005451741343804883e-01
3.390832061669343034e+01 5.740656615140918184e+00
2.937916910357816391e+01 -1.316940133445323013e+00
5.090881247126268505e+01 2.262745485605480411e+01
3.603152505155997432e+01 7.468202885926515933e+00
2.942362107494609447e+01 9.684849297811819469e-01
3.812035599608104519e+01 1.026007256489655894e+01
4.499088955742631413e+01 1.376073140664965422e+01
3.608637687314770659e+01 6.437963315290005539e+00
3.770328874359823601e+01 1.261087013681684610e+01
4.721164193269523679e+01 1.742175499498537761e+01
3.789476852563728215e+01 9.519323211085255920e+00
3.814757846730004331e+01 9.383149395546400484e+00
3.842692560666029067e+01 9.320234798269156684e+00
4.226400119099287878e+01 1.414513281574747694e+01
4.773778597143365232e+01 1.664416897189049394e+01
3.900878250361963495e+01 1.255638753553025566e+01
3.360332015585537135e+01 1.157865508718476377e-01
3.212743389013907347e+01 -3.718089907665214966e+00
3.824293607762765390e+01 5.764849201026185810e+00
3.786356617813414971e+01 2.389339337600770996e+00
3.707477715008204910e+01 1.760277599594301634e+00
4.660971842472027760e+01 2.818038670151504377e+01
4.155362368940335926e+01 9.986139350851521712e+00
3.789109913754941772e+01 6.471864054987600312e+00
3.722563892685454334e+01 4.859575781305324860e+00
4.485088593203580842e+01 1.876017261874312680e+01
3.118299114109479575e+01 2.785915457304859011e+00
3.559558711960222155e+01 6.389572334817857246e+00
3.607481914082249119e+01 5.274693105599126852e+00
4.387290432300726906e+01 1.517079399686447161e+01
3.685806811924872761e+01 8.413871432334694589e+00
3.225050880559776090e+01 -1.235048131310827912e+00
3.605345552817798449e+01 6.155700240826213587e+00
4.419790927374464218e+01 1.098462257697414657e+01
4.503425127382562465e+01 2.164162628163293078e+01
4.538626450081070374e+01 1.156836246581473659e+01
3.646746335853182330e+01 1.369343078227640120e+01
3.658358268957468340e+01 6.030164906434189120e+00
3.682897431877059802e+01 8.669295951793380084e+00
3.082833120836464502e+01 -4.122815281712664870e+00
3.478467977862614191e+01 -1.321849141680608852e-01
3.652873998030483449e+01 7.717170801349999110e+00
5.160053357768780558e+01 2.242591500184381559e+01
3.558839446288464359e+01 6.234981542827682688e+00
1.119705402546844120e+01 4.140193616267458054e+01
1.959327781020657611e+01 4.175561822538622891e+01
1.076642015925168749e+01 4.001050423756070273e+01
1.288752469720668969e+01 3.946994789072092402e+01
3.745535746438034330e+00 3.905092824694176556e+01
1.780566155612003243e+01 4.184162190852734398e+01
4.577220695057311772e+00 3.845872337257495133e+01
2.452657032648498614e+01 4.253017588128631132e+01
5.833182773204423910e-01 3.781224116435893734e+01
7.555613892445881774e+00 3.942277123393661498e+01
1.598923873111325022e+01 4.020942879924330526e+01
6.508063613323400887e+00 3.943396691341155957e+01
9.506503597060259381e+00 3.995116425593099052e+01
7.038135403986602867e+00 3.890169412892553424e+01
1.421271993266902456e+01 3.996901193172574551e+01
7.836295441063315437e+00 3.963382115223630109e+01
1.314876915081181430e+01 4.058831347017383706e+01
1.053795465772133433e+01 3.963943054374606589e+01
1.501679188120823483e+01 4.131844143326784291e+01
7.701116301729600266e+00 3.947315184876364214e+01
1.497895929588305819e+01 4.071915248296116374e+01
8.984820534708784834e+00 3.866219867733271798e+01
-2.353880086573763464e+00 3.770686258560503035e+01
1.382061308539359068e+01 4.107177644795260107e+01
1.511668634742088457e+01 4.062279748327584628e+01
6.149004400973161033e+00 3.915352975464004714e+01
1.444411467719207209e+01 4.030763388789814172e+01
1.601381958761452751e+01 4.126463543036773274e+01
9.159921895339000031e+00 3.985045680234879484e+01
-1.707543327088592022e+00 3.850454073141011690e+01
1.653130236842341105e+01 4.146736454593123256e+01
1.508812020999455328e+01 4.110995159851848513e+01
-6.492553652149890553e-01 3.768650751755586015e+01
1.019360199217126173e+01 3.968788753166051464e+01
9.532713959221155164e+00 4.027375460382115335e+01
1.016762354241415878e+01 3.973871252933372489e+01
3.676025451369715924e+00 3.923310813260291496e+01
1.692035311962606414e+01 4.197380877155026724e+01
4.779844028936083511e+00 3.890595804329687724e+01
1.007283802446202792e+01 3.942116099385525274e+01
8.688570874805581212e+00 3.926063567580181513e+01
7.568946318968425402e+00 4.030868539404825412e+01
1.553097091279858688e+01 4.055543502943358902e+01
1.355878472269505330e+01 3.994049327104391978e+01
1.046944117624842541e+01 4.082525571945122067e+01
1.042196479487487437e+01 3.946927572893316949e+01
1.206562486890280894e+01 4.019272474223609493e+01
6.459449552566281838e+00 3.935779752410966381e+01
1.284638705311850515e+01 4.077192581552597517e+01
4.670306090162863910e+00 3.806785361170077664e+01
-2.067211175167684800e+01 -4.049729179982720240e+01
-1.970756358217730408e+01 -3.990999023859964012e+01
-2.013600362681959410e+01 -4.021844413250096295e+01
-1.953524639210710490e+01 -3.758053258185103829e+01
-2.390688757025314715e+01 -4.185636450794009278e+01
-2.024300631810408291e+01 -4.097439765220494934e+01
-2.034500016393451460e+01 -4.197830417485576504e+01
-1.933376124539134366e+01 -4.050781368527571402e+01
-1.826484493701754985e+01 -3.852232367249093414e+01
-1.912389199544928786e+01 -3.894459560674064846e+01
7.483613751237646738e+01 3.628438727095134197e+01
7.417479542744909793e+01 3.768056897104879965e+01
7.460683427629942344e+01 4.074479771124990890e+01
7.740595066186301665e+01 3.824697456624140557e+01
8.074675508323905149e+01 3.991209579397197160e+01
8.064103200114334413e+01 3.691570489672661637e+01
7.446376403697124147e+01 3.635152979723062572e+01
7.510020894704631189e+01 3.425338463569529068e+01
7.656647619175686259e+01 3.963325366598982669e+01
8.188054134019409958e+01 4.198561885349497658e+01
