4.876204483932652378e-01 1.235096183882330223e+00
1.972154395872426358e-01 9.151612169990583912e-01
2.208171098639640118e+00 3.780386589629330274e+00
-7.741668538697576984e-02 3.542755620324926635e-01
2.342307467259212572e+00 4.022368077799814756e+00
1.892480022534067663e+00 3.323717250084316177e+00
7.368515894066725025e-01 1.554157358898952346e+00
-1.301180779215249217e+00 -1.820619419402200956e+00
-6.875117658327509762e-01 -1.527340604660567980e+00
-2.133748568595618345e+00 -2.324121436416149766e+00
